[gd_scene load_steps=9 format=3 uid="uid://b5uqtw1c7xbus"]

[ext_resource type="Script" path="res://Scripts/Tutorial_Screens/PLL2TutorialScene.gd" id="1_fus5a"]
[ext_resource type="FontFile" uid="uid://mh0471bkk7ti" path="res://Assets/Fonts/Digital.ttf" id="2_181d2"]
[ext_resource type="PackedScene" uid="uid://cm6vtl4k115oe" path="res://Scenes/Static_Cubes/pll2_cube_1.tscn" id="2_gg3uk"]
[ext_resource type="Script" path="res://Scripts/CubesRotator.gd" id="2_mkhfk"]
[ext_resource type="PackedScene" uid="uid://b0ng6llo3v1fb" path="res://Scenes/cube_controller.tscn" id="3_7np8n"]
[ext_resource type="PackedScene" uid="uid://cdejl4rhvnemo" path="res://Scenes/Static_Cubes/pll2_cube_2.tscn" id="3_qkkj6"]
[ext_resource type="PackedScene" uid="uid://rgfqdtac7275" path="res://Scenes/Static_Cubes/pll2_cube_3.tscn" id="4_60rsf"]
[ext_resource type="PackedScene" uid="uid://c8kdvrbkwthup" path="res://Scenes/Static_Cubes/pll2_cube_4.tscn" id="5_gvik4"]

[node name="PLL2TutorialScene" type="Node3D"]
script = ExtResource("1_fus5a")

[node name="Camera3D" type="Camera3D" parent="."]
transform = Transform3D(1, 0, 0, 0, 0.884581, 0.466387, 0, -0.466387, 0.884581, 0, 0, 0)
fov = 52.2

[node name="DirectionalLight3D" type="DirectionalLight3D" parent="Camera3D"]
light_energy = 0.895

[node name="MiniCubes" type="Node3D" parent="."]
script = ExtResource("2_mkhfk")

[node name="PLL2Cube1" parent="MiniCubes" instance=ExtResource("2_gg3uk")]
transform = Transform3D(0.5, 0, 0, 0, 0.5, 0, 0, 0, 0.5, -9.74, -16.535, -42.23)

[node name="PLL2Cube2" parent="MiniCubes" instance=ExtResource("3_qkkj6")]
transform = Transform3D(0.5, 0, 8.74228e-08, 0, 0.5, 0, -8.74228e-08, 0, 0.5, 8.05, -17.15, -42.495)

[node name="PLL2Cube3" parent="MiniCubes" instance=ExtResource("4_60rsf")]
transform = Transform3D(0.005, 0, -8.74228e-10, 0, 0.005, 0, 8.74228e-10, 0, 0.005, -0.115, -0.25, -0.34)

[node name="PLL2Cube4" parent="MiniCubes" instance=ExtResource("5_gvik4")]
transform = Transform3D(-0.00269385, 0, -0.00421226, 0, 0.005, 0, 0.00421226, 0, -0.00269385, 0.08, -0.25, -0.33)

[node name="PLL2Label" type="Label" parent="."]
offset_top = 7.0
offset_right = 1152.0
offset_bottom = 648.0
theme_override_colors/font_outline_color = Color(0, 0, 0, 1)
theme_override_constants/outline_size = 10
theme_override_fonts/font = ExtResource("2_181d2")
theme_override_font_sizes/font_size = 45
text = "Permute Top Layer Edges (PLL pt.2)"
horizontal_alignment = 1
vertical_alignment = 2

[node name="Algorithm1" type="Label" parent="."]
offset_top = 7.0
offset_right = 1152.0
offset_bottom = 648.0
theme_override_colors/font_outline_color = Color(0, 0, 0, 1)
theme_override_constants/outline_size = 10
theme_override_fonts/font = ExtResource("2_181d2")
theme_override_font_sizes/font_size = 37
text = " R U' R U R U R U' R' U' R2"

[node name="Algorithm2" type="Label" parent="."]
offset_top = 7.0
offset_right = 1152.0
offset_bottom = 648.0
theme_override_colors/font_outline_color = Color(0, 0, 0, 1)
theme_override_constants/outline_size = 10
theme_override_fonts/font = ExtResource("2_181d2")
theme_override_font_sizes/font_size = 37
text = "L' U L' U' L' U' L' U L U L2 "
horizontal_alignment = 2

[node name="Algorithm3" type="Label" parent="."]
anchors_preset = -1
anchor_top = 0.476852
anchor_bottom = 0.476852
offset_top = 7.0
offset_right = 1152.0
offset_bottom = 648.0
theme_override_colors/font_outline_color = Color(0, 0, 0, 1)
theme_override_constants/outline_size = 10
theme_override_fonts/font = ExtResource("2_181d2")
theme_override_font_sizes/font_size = 37
text = " M2 U M2 U2 M2 U M2"
metadata/_edit_use_anchors_ = true

[node name="Algorithm4" type="Label" parent="."]
anchors_preset = -1
anchor_top = 0.476852
anchor_bottom = 0.476852
offset_top = 7.0
offset_right = 1152.0
offset_bottom = 648.0
theme_override_colors/font_outline_color = Color(0, 0, 0, 1)
theme_override_constants/outline_size = 10
theme_override_fonts/font = ExtResource("2_181d2")
theme_override_font_sizes/font_size = 37
text = "M2 U M2 U M' U2 M2 U2 M' "
horizontal_alignment = 2
metadata/_edit_use_anchors_ = true

[node name="CubeController1" parent="." groups=["Controllers"] instance=ExtResource("3_7np8n")]
transform = Transform3D(0.993231, -0.0206824, -0.114308, 0.00867873, 0.994484, -0.104529, 0.115839, 0.102829, 0.987931, -17.567, -10.3, -34.261)

[node name="CubeController2" parent="." groups=["Controllers"] instance=ExtResource("3_7np8n")]
transform = Transform3D(0.652862, -0.185955, -0.734297, 0.131095, 0.982508, -0.132256, 0.746047, -0.00991721, 0.66582, 16.064, -10.3, -34.843)

[node name="CubeController3" parent="." groups=["Controllers"] instance=ExtResource("3_7np8n")]
transform = Transform3D(0.983631, -0.0128401, -0.179736, 0.0430212, 0.985347, 0.165048, 0.174983, -0.170078, 0.969771, -19.09, -23.4, -27.488)

[node name="CubeController4" parent="." groups=["Controllers"] instance=ExtResource("3_7np8n")]
transform = Transform3D(0.641103, -0.151214, -0.752411, 0.233444, 0.972364, 0.00349065, 0.731089, -0.177884, 0.658686, 19.115, -24.715, -29.273)

[node name="PLL2Cube1" parent="." instance=ExtResource("2_gg3uk")]

[node name="PLL2Cube2" parent="." instance=ExtResource("3_qkkj6")]

[node name="PLL2Cube3" parent="." instance=ExtResource("4_60rsf")]

[node name="PLL2Cube4" parent="." instance=ExtResource("5_gvik4")]
